Output Voltage of unknown mass: 224.271 V 

    Mass, m (g)  Output Voltage, Vout (V)
1             1                  4.927688
2             5                 24.574838
3            20                 98.632956
4            22                108.397868
5            25                124.027213
6            50                247.811166
7            52                257.551185
8            55                271.610963
9            70                344.767244
10          100                494.131746
11          101                501.433668
12          102                508.016642
13          105                522.239769
14          110                542.272965
15          200                991.559437
16          200                986.396415
17          110                540.958072
18          105                522.940227
19          102                503.360041
20          101                503.787756
21          100                499.026431
22           70                345.265399
23           55                270.210874
24           52                257.994390
25           50                246.678764
26           25                124.172658
27           22                108.466152
28           20                 99.240793
29            5                 24.885511
30            1                  4.972409